123 255 255
121 254 255
119 253 255
117 251 255
115 250 255
113 248 255
111 246 255
109 245 255
107 243 255
106 242 255
104 240 255
102 239 255
100 237 255
98 236 255
96 234 255
94 233 255
92 231 255
90 229 255
88 228 255
86 226 255
84 225 255
82 223 255
80 222 255
79 220 255
77 219 255
75 217 255
73 215 255
71 214 255
69 212 255
67 211 255
65 209 255
63 208 255
61 206 255
59 205 255
57 203 255
55 201 255
53 200 255
52 198 255
50 197 255
48 195 255
46 194 255
44 192 255
42 191 255
40 189 255
38 188 255
36 186 255
34 184 255
32 183 255
30 181 255
28 180 255
27 178 255
25 177 255
23 175 255
21 174 255
19 172 255
17 170 255
15 169 255
13 167 255
11 166 255
9 164 255
7 163 255
5 161 255
3 160 255
1 158 255
0 157 255
0 155 253
0 154 251
0 152 249
0 151 247
0 149 244
0 148 242
0 146 240
0 145 238
0 144 236
0 142 233
0 141 231
0 139 229
0 138 227
0 136 225
0 135 223
0 133 220
0 132 218
0 131 216
0 129 214
0 128 212
0 126 209
0 125 207
0 123 205
0 122 203
0 120 201
0 119 198
0 118 196
0 116 194
0 115 192
0 113 190
0 112 188
0 110 185
0 109 183
0 107 181
0 106 179
0 105 177
0 103 175
0 102 172
0 100 170
0 99 168
0 97 166
0 96 164
0 94 161
0 93 159
0 92 157
0 90 155
0 89 153
0 87 151
0 86 148
0 84 146
0 83 144
0 81 142
0 80 140
0 79 137
0 77 135
0 76 133
0 74 131
0 73 129
0 71 126
0 70 124
0 69 122
0 67 120
0 66 118
0 64 116
0 63 114
0 62 112
0 61 110
0 60 108
0 59 107
0 58 105
0 57 103
0 56 101
0 55 99
0 54 97
0 53 96
0 52 94
0 51 92
0 50 90
0 49 88
0 48 86
0 47 85
0 46 83
0 45 81
0 44 79
0 43 77
0 42 76
0 41 74
0 40 72
0 39 70
0 38 68
0 37 66
0 36 65
0 35 63
0 34 61
0 33 59
0 32 57
0 31 55
0 30 54
0 29 52
0 28 50
0 27 48
0 26 46
0 25 44
0 24 43
0 23 41
0 22 39
0 21 37
0 20 35
0 19 33
0 18 32
0 17 30
0 16 28
0 15 26
0 13 24
0 12 22
0 11 21
0 10 19
0 9 17
0 8 15
0 7 13
0 6 11
0 5 10
0 4 8
0 3 6
0 2 4
0 1 2
0 0 0
0 0 0
0 0 0
0 0 0
0 0 0
0 0 0
0 0 0
0 0 0
0 0 0
0 0 0
0 0 0
0 0 0
0 0 0
0 0 0
0 0 0
0 0 0
0 0 0
0 0 0
0 0 0
0 0 0
0 0 0
0 0 0
0 0 0
0 0 0
0 0 0
0 0 0
0 0 0
0 0 0
0 0 0
0 0 0
0 0 0
0 0 0
0 0 0
0 0 0
0 0 0
0 0 0
0 0 0
0 0 0
0 0 0
0 0 0
0 0 0
0 0 0
0 0 0
0 0 0
0 0 0
0 0 0
0 0 0
0 0 0
0 0 0
0 0 0
0 0 0
0 0 0
0 0 0
0 0 0
0 0 0
0 0 0
0 0 0
0 0 0
0 0 0
0 0 0
0 0 0
0 0 0
0 0 0
0 0 0
0 0 0
